1484.260690   0.802272
1556.525022   0.788653
1325.682129   0.780325
1333.313307   0.791920
1296.026361   0.806519
1440.955703   0.802537
1472.308210   0.771292
890.765395   0.799111
1475.320028   0.791750
1104.739885   0.791494
1778.176498   0.784890
1636.803299   0.783478
1183.743959   0.776215
1538.566068   0.787341
1266.266446   0.805874
1219.344310   0.784125
1417.477252   0.804614
1106.835743   0.774539
1615.294310   0.789070
1432.621586   0.788364
1849.673090   0.796769
1093.667933   0.795751
1471.326981   0.784301
1785.633410   0.779992
1762.919536   0.783463
1262.423524   0.783739
1387.134281   0.792213
1162.819348   0.776197
1287.264956   0.787601
1383.523580   0.801751
1054.191578   0.798649
1327.260982   0.781897
1695.320488   0.780664
1230.767511   0.798981
1573.695354   0.786206
1191.715574   0.788508
1396.569908   0.775543
1514.875996   0.810021
1308.756377   0.782422
1469.028059   0.790718
1371.148970   0.780866
1263.863610   0.782430
1457.456394   0.793173
1271.603372   0.797203
1600.118568   0.785776
1853.767923   0.783961
1726.950756   0.775474
1256.067782   0.785816
1257.089870   0.794847
1458.283388   0.797866
1548.659748   0.792243
1470.698841   0.804409
1433.994360   0.797960
1352.709018   0.792301
1491.371111   0.794941
1435.444926   0.788196
1823.239072   0.775012
1660.825093   0.809250
1267.611478   0.783424
791.070782   0.809233
1564.518290   0.811819
1342.868522   0.781392
1872.938016   0.803807
1324.207971   0.807339
1601.618278   0.792480
1548.756383   0.795945
1499.891972   0.798511
1330.130918   0.811815
1614.315764   0.807839
1463.678218   0.775604
1114.482264   0.788614
1368.335261   0.786942
1408.525860   0.797168
1475.002985   0.790540
1238.275989   0.784884
1583.968358   0.785972
1378.224709   0.798302
1590.326219   0.806617
1805.630035   0.789817
1299.052729   0.799545
1744.037271   0.787277
1343.724532   0.797198
1384.200009   0.817805
1617.687143   0.787641
1391.178639   0.804540
1619.341794   0.793889
984.988902   0.801222
1726.461046   0.795739
1461.540334   0.802198
1641.084246   0.782254
1339.697904   0.797908
1362.508090   0.772781
1558.103144   0.802337
1334.488797   0.796916
1589.430435   0.772828
1258.319638   0.822354
1444.412086   0.801095
1423.202193   0.827743
1748.427065   0.812006
1907.239007   0.777921
1582.938555   0.802660
1304.274138   0.793023
1401.565737   0.789551
1540.696182   0.792941
1515.140337   0.794852
1226.825751   0.807106
1538.309837   0.807630
1497.074138   0.796323
1450.044452   0.803373
1460.067039   0.800709
1784.097463   0.800738
1599.145231   0.792031
1804.076577   0.804912
1234.438851   0.793005
1511.544346   0.818807
1351.499545   0.817531
1401.707120   0.804652
1402.392407   0.780498
1729.294154   0.797068
1343.695908   0.790059
1588.683143   0.809945
1730.491569   0.808969
1369.218226   0.808735
1667.985788   0.803379
1625.690279   0.801939
1926.360572   0.812674
1959.074224   0.789029
1670.782239   0.790754
1570.714297   0.822949
1582.138661   0.812352
1649.960185   0.783041
1399.710896   0.802422
1083.685094   0.800424
1433.666732   0.802305
1154.280515   0.801975
1673.975533   0.814194
1694.171300   0.796260
1597.381532   0.819741
1389.201692   0.812785
1426.705723   0.816680
1605.309449   0.831198
1553.504760   0.803149
1535.343212   0.805813
1599.368085   0.791782
1684.455577   0.800449
1394.996867   0.798704
1353.878504   0.805149
1548.183488   0.782161
1944.658507   0.786700
1819.437864   0.799666
2015.599144   0.822792
1542.926411   0.797151
1549.936558   0.817076
1559.745589   0.787224
1549.862250   0.817100
1611.859975   0.786127
1638.057761   0.808282
1345.041236   0.814596
1494.058711   0.807351
1747.524708   0.809544
1471.434552   0.812867
1631.376405   0.810783
1477.512782   0.793404
1653.495248   0.803405
1293.152034   0.799642
1472.985328   0.809211
1761.280632   0.796996
1754.562700   0.787403
1354.987359   0.808149
1169.253176   0.812668
1752.714168   0.803395
2041.358130   0.811388
1932.530708   0.799685
1931.852882   0.814215
1702.436058   0.818887
1628.649001   0.819390
1524.406444   0.808400
1454.581854   0.826722
1448.940509   0.800061
2247.037320   0.795301
1881.791924   0.799900
1364.019278   0.810858
1304.279203   0.819756
1715.901662   0.795264
1850.451714   0.828698
1618.118219   0.807458
1598.210414   0.791090
1792.035599   0.797072
1631.768001   0.829844
1506.165796   0.795427
1421.293632   0.811459
2016.990154   0.807565
1228.417095   0.785447
1633.403368   0.798130
1438.288003   0.821648
1612.703959   0.803111
1665.014613   0.810200
1205.098725   0.814962
1392.847504   0.810165
1639.266191   0.796381
1622.654867   0.808113
1352.438801   0.813279
1507.671261   0.811687
1562.434850   0.805265
1503.369814   0.818886
1916.420971   0.803271
1528.236330   0.799912
1781.744298   0.814194
1746.804344   0.803554
1767.398278   0.796208
1479.587756   0.826840
1505.586617   0.814178
1773.252394   0.794944
1622.434213   0.822118
1685.370559   0.810245
1768.082663   0.806781
1391.066381   0.801511
1699.764159   0.825779
1569.355647   0.796290
1509.470324   0.821566
1702.934001   0.802345
1677.039126   0.825689
1773.759024   0.810205
1722.209229   0.804053
1644.083015   0.803871
1328.664255   0.805867
1829.126221   0.804151
1605.826830   0.811698
1511.463189   0.800504
1466.349712   0.817162
1769.362361   0.822210
1964.589902   0.795593
2134.046515   0.821477
1774.055483   0.800601
1786.977987   0.827088
1905.596123   0.815834
1851.957943   0.799641
1812.039045   0.802436
1929.484390   0.807463
1490.510947   0.804733
1604.397505   0.815911
1716.070527   0.798262
1883.674866   0.806712
1723.786711   0.792317
1770.135092   0.810813
1689.045170   0.804500
1468.065634   0.824563
1722.674137   0.798637
1714.077609   0.802675
1549.632628   0.806164
1845.006107   0.823814
1488.246705   0.807004
1403.171271   0.807877
1763.056314   0.818387
1777.345281   0.815472
1490.450705   0.816457
1537.012615   0.811271
1608.629579   0.810784
1807.054435   0.823007
1728.386334   0.800313
1575.170038   0.799419
1947.262417   0.806392
1508.837319   0.810685
1365.157143   0.820681
1769.909416   0.796579
1858.577205   0.800644
1335.019065   0.808908
1297.580154   0.804822
1656.824404   0.814846
1834.182473   0.818605
1645.933654   0.792236
1904.700789   0.796971
1728.839447   0.819939
1667.915851   0.820907
1908.126393   0.811486
1850.070241   0.796750
1824.035316   0.803522
1361.633410   0.809946
2113.658723   0.797753
1628.552662   0.799737
1689.645015   0.815011
2032.984487   0.815314
1871.193570   0.810943
1789.380973   0.810284
1344.840487   0.822589
2008.500470   0.807067
1602.592079   0.828450
1986.575618   0.799786
1480.680250   0.814189
1730.621079   0.834713
1884.342509   0.810860
2012.602215   0.815933
1805.097035   0.809599
1775.230423   0.805213
1909.650557   0.784998
1797.047292   0.803774
1672.433540   0.822519
1599.216236   0.808757
1718.957044   0.819168
1361.182673   0.816689
1389.967714   0.842401
1248.656512   0.796410
1422.838122   0.801214
1271.173461   0.824716
1528.772804   0.810578
1380.133082   0.803749
1629.315944   0.802572
1640.522413   0.822770
1848.152018   0.806373
1796.610873   0.805304
1527.293949   0.810695
1715.970238   0.823336
1578.686630   0.829272
1842.717010   0.801191
1701.322327   0.818188
1512.576098   0.805171
1703.501600   0.823149
1988.337580   0.815915
1820.819949   0.810120
1548.176475   0.821649
2085.095201   0.818196
1701.591132   0.827043
1772.839096   0.808792
1760.164407   0.817466
1530.040323   0.803971
1536.909007   0.797918
1667.550009   0.814822
1809.071767   0.840037
1581.046583   0.832924
1842.463235   0.795497
2055.278942   0.806998
1486.222453   0.804230
2024.108417   0.818462
1506.759547   0.809967
1699.762466   0.820530
1585.282852   0.801960
1645.068113   0.809362
1895.926427   0.807237
1757.619655   0.809323
1785.433433   0.795063
1715.481339   0.809762
1850.120653   0.800916
2026.782084   0.809103
1321.038251   0.795819
2209.918742   0.818153
2118.848950   0.811563
1677.068344   0.832277
1471.589910   0.825354
1748.327739   0.827272
1338.479297   0.823782
1739.815599   0.807022
1952.329824   0.822153
1785.220947   0.811127
1564.859243   0.787711
1644.664107   0.806792
1526.807228   0.809750
2098.681177   0.813370
1650.438678   0.824305
1900.801877   0.807371
1553.794300   0.801575
1812.271101   0.799270
1807.255126   0.803317
1711.220689   0.833724
1882.666369   0.836290
1804.174619   0.824954
2012.801962   0.822053
2094.406574   0.805392
2020.771580   0.798841
1330.307670   0.815735
1669.442430   0.816445
1474.884788   0.800901
1727.757278   0.796819
1327.325765   0.816850
1951.817092   0.808482
2017.431481   0.815152
2037.764973   0.809145
1708.638571   0.830595
1861.876303   0.820510
1877.182851   0.800833
1432.250609   0.839769
1599.870828   0.818810
1728.616057   0.816301
1820.201450   0.815006
1637.189710   0.819644
2056.641387   0.819018
1729.973442   0.799710
1641.916542   0.802246
1761.736361   0.800286
1772.583567   0.815849
1635.644244   0.810218
1677.313748   0.810898
2318.449790   0.814022
1748.499890   0.793795
1563.285059   0.812061
1963.947644   0.820168
1683.930147   0.802358
1939.195095   0.816645
1227.734942   0.803324
1567.487059   0.832981
1940.589439   0.835631
1709.697155   0.811105
1698.441414   0.803739
2109.165208   0.803658
1642.253145   0.813570
1856.032282   0.806818
1874.060159   0.812244
1644.147096   0.822959
1847.603602   0.808488
1694.900866   0.816922
1645.992897   0.797393
1898.305019   0.797697
1773.812332   0.816151
1537.541473   0.821779
1918.700550   0.817824
1795.531805   0.805563
1939.747325   0.826810
2012.096768   0.818901
2019.275376   0.806940
2030.689135   0.810658
1720.864318   0.818354
1772.731390   0.806220
1888.931168   0.803157
1791.232145   0.813180
1807.219663   0.822046
2009.246656   0.827769
1540.611734   0.819591
1867.858262   0.805484
2029.216753   0.810657
2208.194461   0.811864
1913.810496   0.810518
1804.056255   0.805836
1416.178585   0.805455
1683.745497   0.802839
1933.424524   0.816569
2051.392247   0.796811
1802.423887   0.819638
1671.677556   0.813246
1715.723740   0.815843
1978.797837   0.785220
2069.374097   0.819590
1992.980605   0.787717
1776.925055   0.802587
1713.510915   0.819084
2003.634125   0.806351
1680.976631   0.797850
1649.178446   0.818418
1912.771832   0.798098
1909.346367   0.809685
1841.446725   0.807301
2034.633772   0.807387
1860.036515   0.814620
1967.903241   0.804505
1836.881565   0.811023
1685.540735   0.807715
1568.525153   0.808603
1841.793314   0.835697
2359.071507   0.825872
2136.531301   0.793695
1896.244126   0.804891
1941.412549   0.817405
1769.600197   0.830318
1912.260169   0.794671
1993.927215   0.810396
1627.826396   0.806050
1733.910577   0.808892
1809.524993   0.820077
2098.706998   0.807989
1631.884559   0.817235
1777.466598   0.798027
2142.885665   0.803842
1769.974385   0.804114
1981.260006   0.817685
1913.994506   0.792200
2036.663430   0.820859
1841.432217   0.807978
1804.545670   0.821596
2191.866197   0.821974
2295.597919   0.815436
1727.673413   0.803823
1735.309722   0.804225
1906.705918   0.810718
1949.035808   0.819117
2144.864150   0.789360
1714.878553   0.806706
1612.658135   0.793367
1659.010119   0.805916
2214.833062   0.802453
1802.296181   0.809411
1824.247870   0.823382
2005.190793   0.821749
1940.107152   0.805901
2151.621272   0.808910
1864.978156   0.789982
1823.612310   0.813335
1735.038007   0.807195
2002.789232   0.813620
1993.206656   0.820217
1767.550115   0.793808
1528.684336   0.792575
