1317.916187   0.798043
1153.206388   0.784760
1597.398444   0.779099
1547.033022   0.789361
1328.750055   0.787063
1578.858026   0.795747
1643.964757   0.795354
1533.161650   0.781675
1185.960130   0.775021
1700.991132   0.790073
1477.430920   0.795080
1499.594041   0.791015
1814.778716   0.799019
1590.511359   0.802207
1350.217015   0.799460
1218.544742   0.788725
1647.282902   0.786363
1509.908978   0.787299
1383.187830   0.770697
1481.629039   0.781804
1638.191513   0.745235
1233.261191   0.776074
1318.408495   0.801248
1589.909527   0.783562
1431.229130   0.783286
1292.156183   0.777396
1232.575322   0.796091
1390.433208   0.783684
1293.136959   0.783263
1514.840671   0.794257
1498.970391   0.763893
1736.376779   0.787736
1531.530205   0.773858
1641.894089   0.774327
1438.227728   0.797821
1348.373696   0.755086
1295.105502   0.775212
1094.381098   0.807833
1217.681949   0.786081
1047.937078   0.769394
1525.369759   0.773987
1417.577578   0.765933
1379.097438   0.770454
1296.166210   0.768259
1402.885298   0.786789
1002.171721   0.783791
1489.885536   0.787426
1545.262947   0.762261
1187.312129   0.775811
1589.169638   0.782608
1277.422611   0.773737
1295.585182   0.787438
1798.870474   0.801760
1460.825711   0.783875
1404.564794   0.772389
1551.940403   0.781266
1325.909418   0.774503
1512.515414   0.789069
1351.476614   0.770330
1333.114243   0.766373
1292.027723   0.777569
1770.792094   0.761010
1392.724613   0.775688
1471.421336   0.789480
1182.463465   0.780075
1385.319957   0.771067
1661.920311   0.789667
1274.719560   0.765115
1543.604276   0.788367
1743.542428   0.761998
1661.828010   0.783559
1390.955845   0.771475
1354.619611   0.767263
1731.793103   0.752116
1585.020618   0.761502
1683.019863   0.749676
1369.240293   0.775805
1462.350588   0.771304
1228.074361   0.764317
1865.077666   0.781541
1365.512703   0.767297
1561.256432   0.744631
1373.618506   0.771338
1524.113052   0.772792
1767.525773   0.777224
1459.955194   0.752172
1445.872361   0.768935
1608.048171   0.756190
2065.019085   0.761709
1456.916139   0.777438
1396.768405   0.770155
1801.770006   0.774223
1689.235500   0.758896
1454.367687   0.767530
1560.382151   0.763334
1383.558532   0.770984
1466.036312   0.767467
1663.569351   0.750129
1468.677169   0.742156
1653.836533   0.761719
1384.225130   0.767681
1426.252105   0.766688
1601.035466   0.758339
1589.841042   0.755709
1263.944267   0.769474
1645.593567   0.757174
1474.461968   0.763048
1869.350762   0.765248
1430.746003   0.752885
1144.052686   0.764658
1691.039198   0.756385
1561.276722   0.765297
1419.800471   0.761201
1220.386750   0.772286
1852.572547   0.743464
1544.289132   0.747655
1383.032583   0.749796
1153.755893   0.770275
1912.923159   0.756367
1513.001720   0.771943
1751.484282   0.752853
1944.152656   0.763340
1507.620226   0.764464
1486.565606   0.736796
1544.847089   0.754937
1547.490192   0.773992
1740.947439   0.781910
1398.313250   0.776469
1616.770624   0.758649
1682.335834   0.760797
1970.256839   0.774303
1292.753614   0.752417
1400.975484   0.762343
1177.719118   0.752949
2063.316929   0.763649
1483.338909   0.732660
1927.501955   0.743039
1438.474798   0.734811
1826.372714   0.761678
1473.241701   0.747824
1423.602394   0.766024
1160.320474   0.758116
1389.631810   0.764670
1768.251833   0.741115
1885.700010   0.732811
1592.851413   0.746967
1218.023325   0.760564
1669.080020   0.747272
1673.606463   0.751085
1714.080129   0.757797
1622.544030   0.768412
1324.561181   0.734642
1537.397115   0.743271
1580.374615   0.731317
1901.902409   0.745340
1374.841015   0.765721
1544.337668   0.759851
1441.237725   0.761648
1616.652897   0.759638
1786.610601   0.751218
1568.272100   0.752099
1572.227057   0.741950
1940.429533   0.738317
1469.837471   0.735921
1819.353380   0.742224
1765.462039   0.748700
1549.765745   0.750119
1367.468336   0.755667
1551.947134   0.751458
1520.416526   0.742748
1666.600033   0.745600
1406.758241   0.742313
1526.245021   0.757130
1458.131485   0.726020
1635.396422   0.744045
1259.935068   0.770349
1534.111222   0.746552
1771.352836   0.733968
1264.930096   0.759212
1507.287738   0.757846
1595.925276   0.736089
1647.940404   0.746757
1927.000512   0.739147
1371.464420   0.737080
1527.955540   0.748332
1670.643440   0.734509
1177.785496   0.762777
1376.593296   0.731391
1624.814835   0.765898
1618.507815   0.737305
1438.879441   0.747033
1557.172555   0.746183
1475.082374   0.728118
1620.554414   0.734360
1729.991565   0.734846
1602.836957   0.756600
1847.213480   0.758766
1910.141358   0.727176
1487.752943   0.759111
1264.615396   0.729893
1706.437057   0.761452
1609.287637   0.747792
1675.743496   0.752870
1430.524283   0.734239
1379.499495   0.749409
1341.331579   0.740653
1809.907377   0.751899
2167.886918   0.735360
1611.272936   0.736340
1689.824356   0.753817
1975.982468   0.742134
1319.905283   0.737182
1247.660698   0.749410
1586.105499   0.727473
2108.860790   0.721977
1797.364778   0.738801
1727.614388   0.730846
1566.135832   0.757276
1911.429856   0.751913
1621.753793   0.741009
1487.989924   0.729782
1595.442825   0.733480
1713.705725   0.731604
1525.754518   0.726019
1571.923556   0.721361
1672.973919   0.734266
1756.196546   0.731120
1715.823556   0.745322
1016.162949   0.743645
1961.922131   0.738931
1666.842247   0.706729
1827.820427   0.735662
1890.088156   0.724752
1604.246968   0.730458
1501.763735   0.739463
1516.857468   0.730462
1838.930390   0.735041
1936.044465   0.737327
1545.065465   0.749130
1741.849509   0.725937
1801.512099   0.725087
1765.584822   0.738292
1924.988264   0.722003
1632.062225   0.768604
1892.535526   0.741204
1794.842413   0.747587
1522.853533   0.738767
1558.902276   0.738148
2066.068417   0.726631
1784.295597   0.734984
1687.175375   0.726247
2073.747661   0.717169
1465.689558   0.736506
1671.525156   0.717362
1947.382229   0.715396
1675.509775   0.716602
1898.718464   0.724706
1444.862344   0.740041
1775.602243   0.721868
2110.214711   0.737362
1969.100326   0.742041
1624.243230   0.717435
1732.470198   0.720204
1703.314666   0.730563
1344.106125   0.741172
1842.961599   0.758920
1619.321798   0.727077
1752.395931   0.726089
1564.819281   0.729046
1892.354749   0.732462
1765.015776   0.725963
1700.297248   0.725469
1888.301144   0.731126
1712.577508   0.732510
1894.916792   0.737432
2154.035946   0.730694
1537.312111   0.731812
1411.827939   0.725596
1752.492601   0.736749
1384.995301   0.725356
1532.558745   0.734099
1639.100140   0.716719
1955.823484   0.728662
1558.663076   0.722152
1738.216672   0.712153
1690.607072   0.716481
1808.530616   0.721125
2095.125629   0.705064
1673.276589   0.728952
1599.497508   0.736009
1818.233894   0.734872
1590.082883   0.726572
1706.207119   0.717578
1835.960184   0.722458
1634.385939   0.721259
1415.346310   0.710042
1659.148854   0.722615
1478.100086   0.716004
1732.193854   0.739235
1711.028626   0.713918
1427.631282   0.722282
1983.866213   0.717886
1581.278934   0.720942
1488.321194   0.712818
1956.273828   0.738646
2072.016535   0.736707
1656.008086   0.720390
1807.057842   0.711085
1688.147870   0.728220
1659.270341   0.712177
1949.300514   0.722110
2101.452951   0.714393
1933.546677   0.727174
1660.752629   0.734893
2066.773554   0.718820
2014.711145   0.707305
2028.561533   0.738775
1796.747426   0.740783
1708.365465   0.698116
1708.454873   0.710779
2088.690863   0.720300
1953.605395   0.728100
1790.980319   0.717300
1852.139881   0.731613
1914.540517   0.707662
1809.267686   0.705383
1636.090591   0.715979
1634.794922   0.719983
1692.513510   0.701078
1928.323916   0.713719
1711.208055   0.733459
1469.405224   0.753173
2195.046004   0.733468
1837.067750   0.725663
1463.452359   0.719718
1430.090149   0.703511
1586.560423   0.706650
1982.968415   0.726861
1529.751721   0.713965
1615.869384   0.694528
1426.314232   0.724337
1961.082917   0.701664
1793.729319   0.720368
1531.352655   0.717780
1577.385991   0.734260
1944.699351   0.711386
1859.322433   0.720361
1658.654265   0.699513
1843.918666   0.701177
1927.181174   0.742614
1662.670381   0.715700
1910.026496   0.710622
1815.234011   0.718460
1841.748612   0.726445
1919.869718   0.726406
1383.967453   0.723883
1605.840995   0.720390
2146.337690   0.718335
1802.351772   0.704677
2214.504121   0.713000
2166.165087   0.720532
2032.903293   0.712469
1871.187595   0.716553
1847.785064   0.715374
1839.099191   0.696785
2080.826020   0.704412
1787.956384   0.716566
1524.424227   0.719403
1595.140895   0.729793
1931.529054   0.704870
1866.096339   0.707831
1811.498693   0.728481
1937.752798   0.708661
1949.412607   0.739029
1759.424198   0.724111
1844.511729   0.731090
1922.592188   0.712327
1601.951645   0.719486
1691.172416   0.717330
1877.088032   0.715781
1679.559234   0.720357
1766.067084   0.716878
1962.040165   0.699438
1857.396979   0.708757
1742.160118   0.740122
1796.353973   0.724760
1710.281616   0.725043
1603.639626   0.721738
1901.368345   0.716670
1798.321629   0.709852
2155.254948   0.701482
2007.408535   0.713608
2201.031377   0.716719
1999.481791   0.715273
1875.056802   0.719790
1595.452285   0.707603
1792.865474   0.733392
1857.578309   0.702673
1880.066345   0.726156
1684.224966   0.711359
1832.946263   0.701287
1755.223944   0.705265
1750.821094   0.706554
1573.331721   0.712293
1944.102411   0.692033
2142.630910   0.695493
1996.829674   0.710935
1708.239533   0.721390
1956.150589   0.739027
1784.550981   0.704502
1888.852675   0.711437
1690.610374   0.718729
2052.723900   0.708761
1897.035467   0.709796
2082.107669   0.706398
2267.985553   0.701133
1976.477980   0.727945
1840.961358   0.717633
1725.264281   0.703888
1801.034083   0.722469
1533.958910   0.714995
1822.306250   0.721880
2058.927046   0.728864
2294.821082   0.716224
2137.692140   0.699154
1550.738505   0.705337
2187.652484   0.729792
1599.961191   0.734324
1742.018902   0.721183
1861.897734   0.713239
1750.395768   0.715723
1962.663957   0.697775
1703.894878   0.721221
1651.944182   0.716631
2137.266633   0.715851
1847.192776   0.695300
1992.409404   0.710275
1618.268181   0.703019
1978.877300   0.727766
2054.830420   0.720781
1896.580582   0.707090
1917.413390   0.708983
1760.135562   0.713045
1916.580181   0.713095
2195.001124   0.714514
2021.541234   0.731472
1685.079872   0.727422
1918.837335   0.715524
1516.364708   0.720634
2288.217687   0.705705
1632.071062   0.712976
1970.548688   0.711791
2100.319690   0.707782
2396.219474   0.700424
1804.556855   0.708461
1751.153168   0.713518
2148.648838   0.693605
1736.000935   0.711588
1963.132942   0.701229
2248.437779   0.717733
2281.878714   0.704496
1857.221681   0.701146
2088.919702   0.712976
2014.539723   0.712775
1957.476028   0.713539
1465.659657   0.711443
1888.702095   0.724251
2053.301066   0.695410
2017.591841   0.698769
1703.882663   0.711500
1913.052170   0.695925
1982.050148   0.710673
1955.756536   0.710686
2120.054769   0.714452
2154.998323   0.706699
2174.459568   0.701361
1847.202595   0.721341
1961.255412   0.704088
1861.456249   0.705819
1981.440307   0.736360
2134.880231   0.711598
2074.124501   0.706616
1959.810944   0.714587
2102.380873   0.699118
2449.246897   0.714249
1633.103010   0.703911
2174.646835   0.719366
1877.669960   0.716615
1996.741956   0.711506
2006.376758   0.726439
1996.144102   0.713875
2265.537096   0.723186
2079.699998   0.702918
2278.038604   0.718175
2222.755464   0.701735
1813.279217   0.714728
2185.399346   0.709305
1972.372838   0.728397
2168.914812   0.696047
