1537.021329   0.795600
1529.353679   0.770828
1409.410351   0.781970
1809.600841   0.784602
1255.571121   0.769484
1584.459120   0.788825
1700.358280   0.793084
1528.576267   0.791139
1437.462374   0.776384
1344.750290   0.776918
1455.354184   0.794408
1665.460580   0.787103
1206.391016   0.791248
1591.519959   0.771463
1744.312116   0.785534
1921.074817   0.804801
1354.349024   0.789409
1490.014006   0.768452
1804.806671   0.775175
1528.266969   0.791528
1793.582338   0.780599
1302.016215   0.776133
1457.631086   0.787948
1525.000185   0.789494
1189.243186   0.786322
1700.014637   0.780269
1548.648237   0.775274
1406.232351   0.764587
1586.481557   0.773139
1269.479536   0.802670
1615.682949   0.790082
1521.700803   0.787252
1585.690111   0.784108
1434.374497   0.788848
1420.708569   0.771146
1399.811186   0.795289
1517.578017   0.786252
1352.748698   0.790999
1481.030787   0.781777
1227.537556   0.774901
1635.531467   0.786790
1096.703915   0.793561
1572.633714   0.769698
1113.401338   0.786149
1265.299051   0.795042
1452.341066   0.793037
1582.629275   0.780034
1258.355234   0.769885
1818.939482   0.770757
1467.572733   0.791433
1389.441177   0.770877
1832.180781   0.778036
1509.323091   0.791860
1703.178657   0.778977
1608.993421   0.774549
1254.707110   0.785338
1652.470076   0.784504
1218.150661   0.799618
1363.020857   0.797945
1487.552931   0.815827
1882.870291   0.804171
1624.215209   0.791619
1035.846391   0.778395
1274.740399   0.784179
1708.247252   0.780877
1502.753664   0.791556
1549.697075   0.773917
1852.635605   0.786322
1371.739640   0.797338
1595.969086   0.788683
1428.292505   0.771006
1455.075315   0.774712
1258.384898   0.781877
1667.051984   0.777563
1236.275125   0.786899
1520.111685   0.777235
1856.597946   0.770128
1842.121183   0.778929
1709.013849   0.778758
1836.291445   0.796446
1865.914268   0.776967
1431.301950   0.783322
1503.823319   0.783444
1639.341458   0.776118
1783.037536   0.785765
1761.192825   0.799817
1655.096657   0.789038
1375.658614   0.785216
1668.382588   0.782669
1792.779535   0.779614
1554.511871   0.792945
1193.415140   0.791363
1600.484704   0.790229
1344.487255   0.777012
1566.317990   0.783510
1850.859659   0.792883
1727.103472   0.782805
1347.770130   0.779940
1217.950268   0.789951
1596.202579   0.781378
1592.418134   0.781918
1736.647832   0.766842
1584.354349   0.787686
1558.908230   0.777661
1466.916857   0.782788
1507.361816   0.765043
1620.552915   0.790676
1723.270520   0.784165
1655.290884   0.782452
1447.634950   0.787109
1786.208541   0.781087
1609.798496   0.794444
1893.519896   0.777179
1658.001666   0.756582
1625.604111   0.775042
1682.458350   0.783416
1781.732823   0.783404
2008.803982   0.769745
1489.385777   0.775849
1812.532104   0.780019
1666.260661   0.779441
1210.104587   0.780280
1735.275760   0.776225
1539.335458   0.787034
1317.968966   0.796124
1619.631266   0.780443
1744.834798   0.770017
1745.800851   0.772390
1478.786575   0.792148
1275.101939   0.784756
1520.689149   0.768149
1649.458718   0.777526
2016.542035   0.774928
1536.370125   0.779098
1494.871085   0.784496
1478.505148   0.783081
1513.421813   0.790543
1557.444915   0.777520
1609.880634   0.776446
1533.813360   0.775007
1323.645284   0.787950
1336.779782   0.792674
1489.021497   0.785606
1374.509399   0.772057
1224.978409   0.798905
1672.319531   0.782631
1753.062985   0.786822
1957.605128   0.773104
1543.665967   0.764469
1834.347299   0.794245
1762.814712   0.773449
1619.411343   0.772742
1304.071670   0.773870
1466.044454   0.796497
1659.768185   0.773663
1752.729979   0.766840
1718.357566   0.777871
1645.061057   0.776938
1739.626882   0.779877
1616.677075   0.761002
1782.941247   0.793076
1765.103420   0.785449
1880.024330   0.783156
1626.303675   0.784124
1146.540665   0.780318
1339.841974   0.776458
1670.262227   0.793364
1228.384507   0.805586
1868.167375   0.788980
1676.756206   0.780653
1665.625642   0.795752
1765.163746   0.791510
1437.882348   0.789034
1718.735649   0.769101
1316.931831   0.794806
1505.067239   0.778146
1868.748348   0.791730
1722.735230   0.767801
1482.019318   0.773775
1630.556134   0.782973
1584.396180   0.766530
1379.408173   0.777605
1361.386354   0.768329
2145.818268   0.792836
1490.255873   0.777529
1782.293904   0.786409
1720.363415   0.778205
1409.243059   0.797972
1709.881783   0.794215
1308.756593   0.797505
1589.266442   0.775534
1645.247516   0.783459
1558.648663   0.792872
1940.734676   0.777774
1982.124174   0.781559
1599.792089   0.780744
1362.534892   0.795579
1528.239946   0.788444
2188.273829   0.787200
1626.051412   0.785756
1644.523093   0.792007
1897.293189   0.799033
1744.299912   0.766029
1673.729302   0.774032
1844.560910   0.783346
1697.780194   0.783426
1572.628749   0.783176
1497.465555   0.790011
1645.948214   0.780540
1520.115224   0.770619
1737.995292   0.790031
1764.192983   0.784109
1427.691723   0.760053
1862.058025   0.774124
1826.918224   0.766907
1594.841106   0.767824
1648.651979   0.779698
1502.376361   0.786234
1824.327265   0.783439
1497.091985   0.781350
1859.790968   0.779767
1653.247706   0.792061
1672.487921   0.773028
1701.087147   0.758676
1887.414990   0.781282
1912.255155   0.768324
1511.641625   0.776428
1607.458914   0.766221
1667.299199   0.787265
1638.426914   0.783066
1781.955002   0.795127
1837.184638   0.782284
1424.246179   0.778973
1806.028627   0.791378
1800.239060   0.785155
1749.581954   0.785377
1708.466658   0.774311
1704.097652   0.777289
1691.447237   0.773470
1767.299353   0.781645
1958.993887   0.792815
1772.846411   0.776492
1385.688372   0.782422
1873.444263   0.781152
1773.555642   0.787304
1539.548372   0.773589
1601.515417   0.785060
1644.251041   0.775750
1834.143219   0.763211
1520.101158   0.796402
1618.370418   0.759710
1976.313323   0.787973
1447.856660   0.779691
1820.705117   0.765111
1457.615731   0.789181
1980.815944   0.799736
1489.400983   0.770104
1829.252903   0.776894
1946.008715   0.800797
1520.908963   0.780642
1452.736959   0.766090
2042.251618   0.784498
1678.420718   0.782175
1666.745292   0.772491
1881.571647   0.793756
1674.592613   0.793876
1392.910546   0.758321
1539.422539   0.780803
1471.206541   0.790354
1401.714273   0.755994
1717.924099   0.785939
1640.220774   0.777204
1960.826702   0.791483
1806.138420   0.771109
1701.926593   0.779748
1800.522150   0.756622
1506.156156   0.767027
1497.621736   0.772649
1753.345065   0.781848
1599.970800   0.780884
1932.535028   0.772065
1742.256003   0.795986
1711.533762   0.776120
1607.870027   0.776834
1795.887618   0.787081
1466.107687   0.802266
1321.730759   0.781731
1621.182565   0.774448
1870.695367   0.776948
1702.395323   0.762930
1626.777353   0.775695
1859.448805   0.767058
1851.259904   0.776448
1985.257037   0.786665
2085.937480   0.790750
1609.349989   0.785376
1697.388665   0.786366
1676.452287   0.774122
2082.078919   0.774530
1446.205300   0.780765
1938.840832   0.772138
2071.152988   0.770813
1502.681039   0.781065
1917.397590   0.776357
1652.048920   0.782404
2214.501604   0.785720
1894.437122   0.768713
1501.045936   0.771430
1604.204100   0.778004
2100.190947   0.786011
1925.584893   0.794710
1680.580528   0.765904
1375.544762   0.776010
1823.105504   0.772425
1667.431767   0.787295
1644.475825   0.780671
1858.525757   0.780773
1833.906728   0.760706
1971.803241   0.768354
2017.106397   0.785945
1817.285629   0.796047
1871.805793   0.766106
1523.951854   0.778819
1593.076738   0.781704
2200.455517   0.778425
1780.099817   0.779109
1626.538093   0.786045
1814.856376   0.764710
1342.518689   0.773066
1518.198471   0.774325
1932.323845   0.791230
1723.718496   0.770963
2100.717254   0.765516
1793.125148   0.778395
1852.685568   0.778311
2024.087533   0.784385
1894.340298   0.775147
1338.558397   0.794745
1919.926545   0.769704
1647.892896   0.790451
1861.442130   0.791021
1811.475901   0.784858
1788.358346   0.786013
1883.846087   0.748927
1676.481706   0.784107
1355.525154   0.768664
1811.252765   0.778089
1726.305996   0.775475
1721.794420   0.773695
1728.353449   0.780209
1788.222766   0.797332
1817.687047   0.782247
1907.073995   0.784398
2148.188988   0.791298
1791.024768   0.793149
1799.863956   0.775736
2223.965881   0.777656
1732.282399   0.769706
1813.896882   0.773508
2312.841583   0.775860
1725.751942   0.767930
1951.678760   0.770271
1601.757108   0.771247
1852.940695   0.788713
1807.069524   0.774835
1964.762704   0.780758
1954.899441   0.787434
2193.460157   0.771786
1490.817220   0.795631
1640.384462   0.768514
1974.184605   0.779613
2549.272171   0.778089
1937.776979   0.766178
1990.225249   0.779804
1977.549592   0.782329
1896.128591   0.785197
1763.133911   0.767880
1606.351239   0.770350
1622.481134   0.766704
1735.676534   0.779885
1855.279943   0.775375
1753.771791   0.777143
2041.313293   0.775395
1973.056533   0.767386
1770.933053   0.800569
1648.907748   0.780907
1984.955834   0.757190
1608.034628   0.778662
1926.488525   0.784199
1796.947927   0.783452
1829.864038   0.783101
1838.515569   0.767107
1664.064210   0.773690
1576.479956   0.786676
1679.273945   0.767100
1583.366391   0.781949
1997.381194   0.778736
1855.097263   0.774703
1750.841861   0.773574
1848.300788   0.784515
1748.936533   0.777654
2188.658170   0.779618
2159.206731   0.795957
1521.627377   0.775624
2177.216819   0.764842
1476.251662   0.787615
2147.682031   0.778317
1874.356245   0.756768
1981.694544   0.780535
1863.747180   0.772458
2061.260101   0.771540
1664.253799   0.766636
1663.151815   0.788970
1664.330580   0.757354
1787.618379   0.788052
1961.480732   0.776278
2040.877549   0.772615
2284.068544   0.769027
1966.573455   0.792730
1585.843870   0.772172
1906.316561   0.782954
1899.605099   0.764110
1951.775507   0.780329
1786.744553   0.800227
2037.219343   0.759713
1804.208621   0.767680
1854.077074   0.775264
2178.052351   0.759547
1732.305951   0.784053
1868.056509   0.782953
1878.056630   0.781368
2164.166393   0.780361
2229.326150   0.789889
1900.925220   0.777145
1810.277261   0.791237
1723.453131   0.769883
1751.568861   0.786376
1619.183857   0.783639
1951.171015   0.790326
2227.849688   0.775596
2033.180043   0.776333
1983.626087   0.772762
2000.967540   0.774950
1733.142876   0.772093
2003.451297   0.767358
1936.302890   0.761065
1907.438680   0.786600
2040.151521   0.768540
1718.652409   0.772581
1955.532536   0.781404
1864.064544   0.778511
1922.219083   0.779640
1744.470596   0.769599
1817.296082   0.768678
1921.170690   0.763012
2306.485839   0.776084
1821.901228   0.776059
2168.589107   0.763759
1839.144688   0.766005
2222.549031   0.761199
1910.893099   0.782018
2047.591348   0.781333
1912.865880   0.769423
1948.834409   0.765540
1723.496831   0.783276
1664.686381   0.779568
1950.027681   0.789868
2048.512445   0.759491
1744.220856   0.778383
2086.210928   0.781536
1992.987122   0.759393
1774.733250   0.786990
2254.362193   0.792942
2142.110409   0.762365
2097.482417   0.770577
2029.461020   0.778741
1914.166847   0.772517
1919.927202   0.762102
1863.625495   0.772846
2213.382508   0.777770
1994.176933   0.777602
1890.508493   0.758901
2089.526004   0.774476
1826.681356   0.779103
1907.531139   0.777025
2022.608417   0.771074
1794.170685   0.761047
1767.043155   0.772925
2101.189545   0.773261
2204.570653   0.781985
2239.295472   0.778133
2010.118040   0.769074
2137.396338   0.770906
1623.952213   0.764515
1894.289752   0.779686
1783.619057   0.756304
2061.226695   0.780645
1993.789056   0.769305
2030.765782   0.773034
